1209106330
1209139673
1209173016
1209206359
1209239701
1209273044
1209306387
1209339730
1209373072
1209406415
1209439758
1209473100
1209506443
1209539786
1209573129
1209606471
1209639814
1209673157
1209706500
1209739842
1209773185
1209806528
1209839870
1209873213
1209906556
1209939899
1209973241
1210006584
1210039927
1210073269
1210106612
1210139955
1210173298
1210206640
1210239983
1210273326
1210306669
1210340011
1210373354
1210406697
1210440039
1210473382
1210506725
1210540068
1210573410
1210606753
1210640096
1210673439
1210706781
1210740124
1210773467
1210806809
1210840152
1210873495
1210906838
1210940180
1210973523
1211006866
1211040208
1211073551
1211106894
1211140237
1211173579
1211206922
1211240265
1211273608
1211306950
1211340293
1211373636
1211406978
1211440321
1211473664
1211507007
1211540349
1211573692
1211607035
1211640378
1211673720
1211707063
1211740406
1211773748
1211807091
1211840434
1211873777
1211907119
1211940462
1211973805
1212007148
1212040490
1212073833
1212107176
1212140518
1212173861
1212207204
1212240547
1212273889
1212307232
1212340575
1212373917
1212407260
1212440603
1212473946
1212507288
1212540631
1212573974
1212607317
1212640659
1212674002
1212707345
1212740687
1212774030
1212807373
1212840716
1212874058
1212907401
1212940744
1212974087
1213007429
1213040772
1213074115
1213107457
1213140800
1213174143
1213207486
1213240828
1213274171
1213307514
1213340857
1213374199
1213407542
1213440885
1213474227
1213507570
1213540913
1213574256
1213607598
1213640941
1213674284
1213707626
1213740969
1213774312
1213807655
1213840997
1213874340
1213907683
1213941026
1213974368
1214007711
1214041054
1214074396
1214107739
1214141082
1214174425
1214207767
1214241110
1214274453
1214307796
1214341138
1214374481
1214407824
1214441166
1214474509
1214507852
1214541195
1214574537
1214607880
1214641223
1214674566
1214707908
1214741251
1214774594
1214807936
1214841279
1214874622
1214907965
1214941307
1214974650
1215007993
1215041336
1215074678
1215108021
1215141364
1215174706
1215208049
1215241392
1215274735
1215308077
1215341420
1215374763
1215408105
1215441448
1215474791
1215508134
1215541476
1215574819
1215608162
1215641505
1215674847
1215708190
1215741533
1215774875
1215808218
1215841561
1215874904
1215908246
1215941589
1215974932
1216008275
1216041617
1216074960
1216108303
1216141645
1216174988
1216208331
1216241674
1216275016
1216308359
1216341702
1216375044
1216408387
1216441730
1216475073
1216508415
1216541758
1216575101
1216608444
1216641786
1216675129
1216708472
1216741814
1216775157
1216808500
1216841843
1216875185
1216908528
1216941871
1216975214
1217008556
1217041899
1217075242
1217108584
1217141927
1217175270
1217208613
1217241955
1217275298
1217308641
1217341984
1217375326
1217408669
1217442012
1217475354
1217508697
1217542040
1217575383
1217608725
1217642068
1217675411
1217708754
1217742096
1217775439
1217808782
1217842124
1217875467
1217908810
1217942153
1217975495
1218008838
1218042181
1218075523
1218108866
1218142209
1218175552
1218208894
1218242237
1218275580
1218308923
1218342265
1218375608
1218408951
1218442293
1218475636
1218508979
1218542322
1218575664
1218609007
1218642350
1218675693
1218709035
1218742378
1218775721
1218809063
1218842406
1218875749
1218909092
1218942434
1218975777
1219009120
1219042463
1219075805
1219109148
1219142491
1219175833
1219209176
1219242519
1219275862
1219309204
1219342547
1219375890
1219409232
1219442575
1219475918
1219509261
1219542603
1219575946
1219609289
1219642632
1219675974
1219709317
1219742660
1219776002
1219809345
1219842688
1219876031
1219909373
1219942716
1219976059
1220009402
1220042744
1220076087
1220109430
1220142772
1220176115
1220209458
1220242801
1220276143
1220309486
1220342829
1220376172
1220409514
1220442857
1220476200
1220509542
1220542885
1220576228
1220609571
1220642913
1220676256
1220709599
1220742941
1220776284
1220809627
1220842970
1220876312
1220909655
1220942998
1220976341
1221009683
1221043026
1221076369
1221109711
1221143054
1221176397
1221209740
1221243082
1221276425
1221309768
1221343111
1221376453
1221409796
1221443139
1221476481
1221509824
1221543167
1221576510
1221609852
1221643195
1221676538
1221709881
1221743223
1221776566
1221809909
1221843251
1221876594
1221909937
1221943280
1221976622
1222009965
1222043308
1222076650
1222109993
1222143336
1222176679
1222210021
1222243364
1222276707
1222310050
1222343392
1222376735
1222410078
1222443420
1222476763
1222510106
1222543449
1222576791
1222610134
1222643477
1222676820
1222710162
1222743505
1222776848
1222810190
1222843533
1222876876
1222910219
1222943561
1222976904
1223010247
1223043590
1223076932
1223110275
1223143618
1223176960
1223210303
1223243646
1223276989
1223310331
1223343674
1223377017
1223410359
1223443702
1223477045
1223510388
1223543730
1223577073
1223610416
1223643759
1223677101
1223710444
1223743787
1223777129
1223810472
1223843815
1223877158
1223910500
1223943843
1223977186
1224010529
1224043871
1224077214
1224110557
1224143899
1224177242
1224210585
1224243928
1224277270
1224310613
1224343956
1224377299
1224410641
1224443984
1224477327
1224510669
1224544012
1224577355
1224610698
1224644040
1224677383
1224710726
1224744068
1224777411
1224810754
1224844097
1224877439
1224910782
1224944125
1224977468
1225010810
1225044153
1225077496
1225110838
1225144181
1225177524
1225210867
1225244209
1225277552
1225310895
1225344238
1225377580
1225410923
1225444266
1225477608
1225510951
1225544294
1225577637
1225610979
1225644322
1225677665
1225711008
1225744350
1225777693
1225811036
1225844378
1225877721
1225911064
1225944407
1225977749
1226011092
1226044435
1226077777
1226111120
1226144463
1226177806
1226211148
1226244491
1226277834
1226311177
1226344519
1226377862
1226411205
1226444547
1226477890
1226511233
1226544576
1226577918
1226611261
1226644604
1226677947
1226711289
1226744632
1226777975
1226811317
1226844660
1226878003
1226911346
1226944688
1226978031
1227011374
1227044717
1227078059
1227111402
1227144745
1227178087
1227211430
1227244773
1227278116
1227311458
1227344801
1227378144
1227411486
1227444829
1227478172
1227511515
1227544857
1227578200
1227611543
1227644886
1227678228
1227711571
1227744914
1227778256
1227811599
1227844942
1227878285
1227911627
1227944970
1227978313
1228011656
1228044998
1228078341
1228111684
1228145026
1228178369
1228211712
1228245055
1228278397
1228311740
1228345083
1228378426
1228411768
1228445111
1228478454
1228511796
1228545139
1228578482
1228611825
1228645167
1228678510
1228711853
1228745195
1228778538
1228811881
1228845224
1228878566
1228911909
1228945252
1228978595
1229011937
1229045280
1229078623
1229111965
1229145308
1229178651
1229211994
1229245336
1229278679
1229312022
1229345365
1229378707
1229412050
1229445393
1229478735
1229512078
1229545421
1229578764
1229612106
1229645449
1229678792
1229712135
1229745477
1229778820
1229812163
1229845505
1229878848
1229912191
1229945534
1229978876
1230012219
1230045562
1230078904
1230112247
1230145590
1230178933
1230212275
1230245618
1230278961
1230312304
1230345646
1230378989
1230412332
1230445674
1230479017
1230512360
1230545703
1230579045
1230612388
1230645731
1230679074
1230712416
1230745759
1230779102
1230812444
1230845787
1230879130
1230912473
1230945815
1230979158
1231012501
1231045843
1231079186
1231112529
1231145872
1231179214
1231212557
1231245900
1231279243
1231312585
1231345928
1231379271
1231412613
1231445956
1231479299
1231512642
1231545984
1231579327
1231612670
1231646013
1231679355
1231712698
1231746041
1231779383
1231812726
1231846069
1231879412
1231912754
1231946097
1231979440
1232012783
1232046125
1232079468
1232112811
1232146153
1232179496
1232212839
1232246182
1232279524
1232312867
1232346210
1232379553
1232412895
1232446238
1232479581
1232512923
1232546266
1232579609
1232612952
1232646294
1232679637
1232712980
1232746322
1232779665
1232813008
1232846351
1232879693
1232913036
1232946379
1232979722
1233013064
1233046407
1233079750
1233113092
1233146435
1233179778
1233213121
1233246463
1233279806
1233313149
1233346492
1233379834
1233413177
1233446520
1233479862
1233513205
1233546548
1233579891
1233613233
1233646576
1233679919
1233713262
1233746604
1233779947
1233813290
1233846632
1233879975
1233913318
1233946661
1233980003
1234013346
1234046689
1234080031
1234113374
1234146717
1234180060
1234213402
1234246745
1234280088
1234313431
1234346773
1234380116
1234413459
1234446801
1234480144
1234513487
1234546830
1234580172
1234613515
1234646858
1234680201
1234713543
1234746886
1234780229
1234813571
1234846914
1234880257
1234913600
1234946942
1234980285
1235013628
1235046970
1235080313
1235113656
1235146999
1235180341
1235213684
1235247027
1235280370
1235313712
1235347055
1235380398
1235413740
1235447083
1235480426
1235513769
1235547111
1235580454
1235613797
1235647140
1235680482
1235713825
1235747168
1235780510
1235813853
1235847196
1235880539
1235913881
1235947224
1235980567
1236013910
1236047252
1236080595
1236113938
1236147280
1236180623
1236213966
1236247309
1236280651
1236313994
1236347337
1236380680
1236414022
1236447365
1236480708
1236514050
1236547393
1236580736
1236614079
1236647421
1236680764
1236714107
1236747449
1236780792
1236814135
1236847478
1236880820
1236914163
1236947506
1236980849
1237014191
1237047534
1237080877
1237114219
1237147562
1237180905
1237214248
1237247590
1237280933
1237314276
1237347619
1237380961
1237414304
1237447647
1237480989
1237514332
1237547675
1237581018
1237614360
1237647703
1237681046
1237714389
1237747731
1237781074
1237814417
1237847759
1237881102
1237914445
1237947788
1237981130
1238014473
1238047816
1238081158
1238114501
1238147844
1238181187
1238214529
1238247872
1238281215
1238314558
1238347900
1238381243
1238414586
1238447928
1238481271
1238514614
1238547957
1238581299
1238614642
1238647985
1238681328
1238714670
1238748013
1238781356
1238814698
1238848041
1238881384
1238914727
1238948069
1238981412
1239014755
1239048098
1239081440
1239114783
1239148126
1239181468
1239214811
1239248154
1239281497
1239314839
1239348182
1239381525
1239414867
1239448210
1239481553
1239514896
1239548238
1239581581
1239614924
1239648267
1239681609
1239714952
1239748295
1239781637
1239814980
1239848323
1239881666
1239915008
1239948351
1239981694
1240015037
1240048379
1240081722
1240115065
1240148407
1240181750
1240215093
1240248436
1240281778
1240315121
1240348464
1240381806
1240415149
1240448492
1240481835
1240515177
1240548520
1240581863
1240615206
1240648548
1240681891
1240715234
1240748576
1240781919
1240815262
1240848605
1240881947
1240915290
1240948633
1240981976
1241015318
1241048661
1241082004
1241115346
1241148689
1241182032
1241215375
1241248717
1241282060
1241315403
1241348746
1241382088
1241415431
1241448774
1241482116
1241515459
1241548802
1241582145
1241615487
1241648830
1241682173
1241715515
1241748858
1241782201
1241815544
1241848886
1241882229
1241915572
1241948915
1241982257
1242015600
1242048943
1242082285
1242115628
1242148971
1242182314
1242215656
1242248999
1242282342
1242315685
1242349027
1242382370
1242415713
1242449055
1242482398
1242515741
1242549084
1242582426
1242615769
1242649112
1242682455
1242715797
1242749140
1242782483
1242815825
1242849168
1242882511
1242915854
1242949196
1242982539
1243015882
1243049225
1243082567
1243115910
1243149253
1243182595
1243215938
1243249281
1243282624
1243315966
1243349309
1243382652
1243415994
1243449337
1243482680
1243516023
1243549365
1243582708
1243616051
1243649394
1243682736
1243716079
1243749422
1243782764
1243816107
1243849450
1243882793
1243916135
1243949478
1243982821
1244016164
1244049506
1244082849
1244116192
1244149534
1244182877
1244216220
1244249563
1244282905
1244316248
1244349591
1244382934
1244416276
1244449619
1244482962
1244516304
1244549647
1244582990
1244616333
1244649675
1244683018
1244716361
1244749703
1244783046
1244816389
1244849732
1244883074
1244916417
1244949760
1244983103
1245016445
1245049788
1245083131
1245116473
1245149816
1245183159
1245216502
1245249844
1245283187
1245316530
1245349873
1245383215
1245416558
1245449901
1245483243
1245516586
1245549929
1245583272
1245616614
1245649957
1245683300
1245716643
1245749985
1245783328
1245816671
1245850013
1245883356
1245916699
1245950042
1245983384
1246016727
1246050070
1246083412
1246116755
1246150098
1246183441
1246216783
1246250126
1246283469
1246316812
1246350154
1246383497
1246416840
1246450182
1246483525
1246516868
1246550211
1246583553
1246616896
1246650239
1246683582
1246716924
1246750267
1246783610
1246816952
1246850295
1246883638
1246916981
1246950323
1246983666
1247017009
1247050352
1247083694
1247117037
1247150380
1247183722
1247217065
1247250408
1247283751
1247317093
1247350436
1247383779
1247417121
1247450464
1247483807
1247517150
1247550492
1247583835
1247617178
1247650521
1247683863
1247717206
1247750549
1247783891
1247817234
1247850577
1247883920
1247917262
1247950605
1247983948
1248017291
1248050633
1248083976
1248117319
1248150661
1248184004
1248217347
1248250690
1248284032
1248317375
1248350718
1248384061
1248417403
1248450746
1248484089
1248517431
1248550774
1248584117
1248617460
1248650802
1248684145
1248717488
1248750830
1248784173
1248817516
1248850859
1248884201
1248917544
1248950887
1248984230
1249017572
1249050915
1249084258
1249117600
1249150943
1249184286
1249217629
1249250971
1249284314
1249317657
1249351000
1249384342
1249417685
1249451028
1249484370
1249517713
1249551056
1249584399
1249617741
1249651084
1249684427
1249717770
1249751112
1249784455
1249817798
1249851140
1249884483
1249917826
1249951169
1249984511
1250017854
1250051197
1250084539
1250117882
1250151225
1250184568
1250217910
1250251253
1250284596
1250317939
1250351281
1250384624
1250417967
1250451309
1250484652
1250517995
1250551338
1250584680
1250618023
1250651366
1250684709
1250718051
1250751394
1250784737
1250818079
1250851422
1250884765
1250918108
1250951450
1250984793
1251018136
1251051479
1251084821
1251118164
1251151507
1251184849
1251218192
1251251535
1251284878
1251318220
1251351563
1251384906
1251418248
1251451591
1251484934
1251518277
1251551619
1251584962
1251618305
1251651648
1251684990
1251718333
1251751676
1251785018
1251818361
1251851704
1251885047
1251918389
1251951732
1251985075
1252018418
1252051760
1252085103
1252118446
1252151788
1252185131
1252218474
1252251817
1252285159
1252318502
1252351845
1252385187
1252418530