1209106330
1209139673
1209173016
1209206359
1209239701
1209273044
1209306387
1209339730
1209373072
1209406415
1209439758
1209473100
1209506443
1209539786
1209573129
1209606471
1209639814
1209673157
1209706500
1209739842
1209773185
1209806528
1209839870
1209873213
1209906556
1209939899
1209973241
1210006584
1210039927
1210073269
1210106612
1210139955
1210173298
1210206640
1210239983
1210273326
1210306669
1210340011
1210373354
1210406697
1210440039
1210473382
1210506725
1210540068
1210573410
1210606753
1210640096
1210673439
1210706781
1210740124