1215841561
1215874904
1215908246
1215941589
1215974932
1216008275
1216041617
1216074960
1216108303
1216141645
1216174988
1216208331
1216241674
1216275016
1216308359
1216341702
1216375044
1216408387
1216441730
1216475073
1216508415
1216541758
1216575101
1216608444
1216641786
1216675129
1216708472
1216741814
1216775157
1216808500
1216841843
1216875185
1216908528
1216941871
1216975214
1217008556
1217041899
1217075242
1217108584
1217141927
1217175270
1217208613
1217241955
1217275298
1217308641
1217341984
1217375326
1217408669
1217442012
1217475354