1209106330
1209139673
1209173016
1209206359
1209239701
1209273044
1209306387
1209339730
1209373072
1209406415
1209439758
1209473100
1209506443
1209539786
1209573129
1209606471
1209639814
1209673157
1209706500
1209739842
1209773185
1209806528
1209839870
1209873213
1209906556
1209939899
1209973241
1210006584
1210039927
1210073269
1210106612
1210139955
1210173298
1210206640
1210239983
1210273326
1210306669
1210340011
1210373354
1210406697
1210440039
1210473382
1210506725
1210540068
1210573410
1210606753
1210640096
1210673439
1210706781
1210740124
1210773467
1210806809
1210840152
1210873495
1210906838
1210940180
1210973523
1211006866
1211040208
1211073551
1211106894
1211140237
1211173579
1211206922
1211240265
1211273608
1211306950
1211340293
1211373636
1211406978
1211440321
1211473664
1211507007
1211540349
1211573692
1211607035
1211640378
1211673720
1211707063
1211740406
1211773748
1211807091
1211840434
1211873777
1211907119
1211940462
1211973805
1212007148
1212040490
1212073833
1212107176
1212140518
1212173861
1212207204
1212240547
1212273889
1212307232
1212340575
1212373917
1212407260
1212440603
1212473946
1212507288
1212540631
1212573974
1212607317
1212640659
1212674002
1212707345
1212740687
1212774030
1212807373
1212840716
1212874058
1212907401
1212940744
1212974087
1213007429
1213040772
1213074115
1213107457
1213140800
1213174143
1213207486
1213240828
1213274171
1213307514
1213340857
1213374199
1213407542
1213440885
1213474227
1213507570
1213540913
1213574256
1213607598
1213640941
1213674284
1213707626
1213740969
1213774312
1213807655
1213840997
1213874340
1213907683
1213941026
1213974368
1214007711
1214041054
1214074396
1214107739
1214141082
1214174425
1214207767
1214241110
1214274453
1214307796
1214341138
1214374481
1214407824
1214441166
1214474509
1214507852
1214541195
1214574537
1214607880
1214641223
1214674566
1214707908
1214741251
1214774594
1214807936
1214841279
1214874622
1214907965
1214941307
1214974650
1215007993
1215041336
1215074678
1215108021
1215141364
1215174706
1215208049
1215241392
1215274735
1215308077
1215341420
1215374763
1215408105
1215441448
1215474791
1215508134
1215541476
1215574819
1215608162
1215641505
1215674847
1215708190
1215741533
1215774875
1215808218
1215841561
1215874904
1215908246
1215941589
1215974932
1216008275
1216041617
1216074960
1216108303
1216141645
1216174988
1216208331
1216241674
1216275016
1216308359
1216341702
1216375044
1216408387
1216441730
1216475073
1216508415
1216541758
1216575101
1216608444
1216641786
1216675129
1216708472
1216741814
1216775157
1216808500
1216841843
1216875185
1216908528
1216941871
1216975214
1217008556
1217041899
1217075242
1217108584
1217141927
1217175270
1217208613
1217241955
1217275298
1217308641
1217341984
1217375326
1217408669
1217442012
1217475354
1217508697
1217542040
1217575383
1217608725
1217642068
1217675411
1217708754
1217742096
1217775439
1217808782
1217842124
1217875467
1217908810
1217942153
1217975495
1218008838
1218042181
1218075523
1218108866
1218142209
1218175552
1218208894
1218242237
1218275580
1218308923
1218342265
1218375608
1218408951
1218442293
1218475636
1218508979
1218542322
1218575664
1218609007
1218642350
1218675693
1218709035
1218742378
1218775721
1218809063
1218842406
1218875749
1218909092
1218942434
1218975777
1219009120
1219042463
1219075805
1219109148
1219142491
1219175833
1219209176
1219242519
1219275862
1219309204
1219342547
1219375890
1219409232
1219442575
1219475918
1219509261
1219542603
1219575946
1219609289
1219642632
1219675974
1219709317
1219742660
1219776002
1219809345
1219842688
1219876031
1219909373
1219942716
1219976059
1220009402
1220042744
1220076087
1220109430
1220142772
1220176115
1220209458
1220242801
1220276143
1220309486
1220342829
1220376172
1220409514
1220442857
1220476200
1220509542
1220542885
1220576228
1220609571
1220642913
1220676256
1220709599
1220742941
1220776284
1220809627
1220842970
1220876312
1220909655
1220942998
1220976341
1221009683
1221043026
1221076369
1221109711
1221143054
1221176397
1221209740
1221243082
1221276425
1221309768
1221343111
1221376453
1221409796
1221443139
1221476481
1221509824
1221543167
1221576510
1221609852
1221643195
1221676538
1221709881
1221743223
1221776566
1221809909
1221843251
1221876594
1221909937
1221943280
1221976622
1222009965
1222043308
1222076650
1222109993
1222143336
1222176679
1222210021
1222243364
1222276707
1222310050
1222343392
1222376735
1222410078
1222443420
1222476763
1222510106
1222543449
1222576791
1222610134
1222643477
1222676820
1222710162
1222743505
1222776848
1222810190
1222843533
1222876876
1222910219
1222943561
1222976904
1223010247
1223043590
1223076932
1223110275
1223143618
1223176960
1223210303
1223243646
1223276989
1223310331
1223343674
1223377017
1223410359
1223443702
1223477045
1223510388
1223543730
1223577073
1223610416
1223643759
1223677101
1223710444
1223743787
1223777129
1223810472
1223843815
1223877158
1223910500
1223943843
1223977186
1224010529
1224043871
1224077214
1224110557
1224143899
1224177242
1224210585
1224243928
1224277270
1224310613
1224343956
1224377299
1224410641
1224443984
1224477327
1224510669
1224544012
1224577355
1224610698
1224644040
1224677383
1224710726
1224744068
1224777411
1224810754
1224844097
1224877439
1224910782
1224944125
1224977468
1225010810
1225044153
1225077496
1225110838
1225144181
1225177524
1225210867
1225244209
1225277552
1225310895
1225344238
1225377580
1225410923
1225444266
1225477608
1225510951
1225544294
1225577637
1225610979
1225644322
1225677665
1225711008
1225744350
1225777693
1225811036
1225844378
1225877721
1225911064
1225944407
1225977749
1226011092
1226044435
1226077777
1226111120
1226144463
1226177806
1226211148
1226244491
1226277834
1226311177
1226344519
1226377862
1226411205
1226444547
1226477890
1226511233
1226544576
1226577918
1226611261
1226644604
1226677947
1226711289
1226744632
1226777975
1226811317
1226844660
1226878003
1226911346
1226944688
1226978031
1227011374
1227044717
1227078059
1227111402
1227144745
1227178087
1227211430
1227244773
1227278116
1227311458
1227344801
1227378144
1227411486
1227444829
1227478172
1227511515
1227544857
1227578200
1227611543
1227644886
1227678228
1227711571
1227744914
1227778256
1227811599
1227844942
1227878285
1227911627
1227944970
1227978313
1228011656
1228044998
1228078341
1228111684
1228145026
1228178369
1228211712
1228245055
1228278397
1228311740
1228345083
1228378426
1228411768
1228445111
1228478454
1228511796
1228545139
1228578482
1228611825
1228645167
1228678510
1228711853
1228745195
1228778538
1228811881
1228845224
1228878566
1228911909
1228945252
1228978595
1229011937
1229045280
1229078623
1229111965
1229145308
1229178651
1229211994
1229245336
1229278679
1229312022
1229345365
1229378707
1229412050
1229445393
1229478735
1229512078
1229545421
1229578764
1229612106
1229645449
1229678792
1229712135
1229745477
1229778820
1229812163
1229845505
1229878848
1229912191
1229945534
1229978876
1230012219
1230045562
1230078904
1230112247
1230145590
1230178933
1230212275
1230245618
1230278961
1230312304
1230345646
1230378989
1230412332
1230445674
1230479017
1230512360
1230545703
1230579045
1230612388
1230645731
1230679074
1230712416
1230745759
1230779102
1230812444
1230845787
1230879130
1230912473
1230945815
1230979158
1231012501
1231045843
1231079186
1231112529
1231145872
1231179214
1231212557
1231245900
1231279243
1231312585
1231345928
1231379271
1231412613
1231445956
1231479299
1231512642
1231545984
1231579327
1231612670
1231646013
1231679355
1231712698
1231746041
1231779383
1231812726
1231846069
1231879412
1231912754
1231946097
1231979440
1232012783
1232046125
1232079468
1232112811
1232146153
1232179496
1232212839
1232246182
1232279524
1232312867
1232346210
1232379553
1232412895
1232446238
1232479581
1232512923
1232546266
1232579609
1232612952
1232646294
1232679637
1232712980
1232746322
1232779665
1232813008
1232846351
1232879693
1232913036
1232946379
1232979722
1233013064
1233046407
1233079750
1233113092
1233146435
1233179778
1233213121
1233246463
1233279806
1233313149
1233346492
1233379834
1233413177
1233446520
1233479862
1233513205
1233546548
1233579891
1233613233
1233646576
1233679919
1233713262
1233746604
1233779947
1233813290
1233846632
1233879975
1233913318
1233946661
1233980003
1234013346
1234046689
1234080031
1234113374
1234146717
1234180060
1234213402
1234246745
1234280088
1234313431
1234346773
1234380116
1234413459
1234446801
1234480144
1234513487
1234546830
1234580172
1234613515
1234646858
1234680201
1234713543
1234746886
1234780229
1234813571
1234846914
1234880257
1234913600
1234946942
1234980285
1235013628
1235046970
1235080313
1235113656
1235146999
1235180341
1235213684
1235247027
1235280370
1235313712
1235347055
1235380398
1235413740
1235447083
1235480426
1235513769
1235547111
1235580454
1235613797
1235647140
1235680482
1235713825
1235747168
1235780510
1235813853
1235847196
1235880539
1235913881
1235947224
1235980567
1236013910
1236047252
1236080595
1236113938
1236147280
1236180623
1236213966
1236247309
1236280651
1236313994
1236347337
1236380680
1236414022
1236447365
1236480708
1236514050
1236547393
1236580736
1236614079
1236647421
1236680764
1236714107
1236747449
1236780792
1236814135
1236847478
1236880820
1236914163
1236947506
1236980849
1237014191
1237047534
1237080877
1237114219
1237147562
1237180905
1237214248
1237247590
1237280933
1237314276
1237347619
1237380961
1237414304
1237447647
1237480989
1237514332
1237547675
1237581018
1237614360
1237647703
1237681046
1237714389
1237747731
1237781074
1237814417
1237847759
1237881102
1237914445
1237947788
1237981130
1238014473
1238047816
1238081158
1238114501
1238147844
1238181187
1238214529
1238247872
1238281215
1238314558
1238347900
1238381243
1238414586
1238447928
1238481271
1238514614
1238547957
1238581299
1238614642
1238647985
1238681328
1238714670
1238748013
1238781356
1238814698
1238848041
1238881384
1238914727
1238948069
1238981412
1239014755
1239048098
1239081440
1239114783
1239148126
1239181468
1239214811
1239248154
1239281497
1239314839
1239348182
1239381525
1239414867
1239448210
1239481553
1239514896
1239548238
1239581581
1239614924
1239648267
1239681609
1239714952
1239748295
1239781637
1239814980
1239848323
1239881666
1239915008
1239948351
1239981694
1240015037
1240048379
1240081722
1240115065
1240148407
1240181750
1240215093
1240248436
1240281778
1240315121
1240348464
1240381806
1240415149
1240448492
1240481835
1240515177
1240548520
1240581863
1240615206
1240648548
1240681891
1240715234
1240748576
1240781919
1240815262
1240848605
1240881947
1240915290
1240948633
1240981976
1241015318
1241048661
1241082004
1241115346
1241148689
1241182032
1241215375
1241248717
1241282060
1241315403
1241348746
1241382088
1241415431
1241448774
1241482116
1241515459
1241548802
1241582145
1241615487
1241648830
1241682173
1241715515
1241748858
1241782201
1241815544
1241848886
1241882229
1241915572
1241948915
1241982257
1242015600
1242048943
1242082285
1242115628
1242148971
1242182314
1242215656
1242248999
1242282342
1242315685
1242349027
1242382370
1242415713
1242449055
1242482398
1242515741
1242549084
1242582426
1242615769
1242649112
1242682455
1242715797
1242749140
1242782483
1242815825
1242849168
1242882511
1242915854
1242949196
1242982539
1243015882
1243049225
1243082567
1243115910
1243149253
1243182595
1243215938
1243249281
1243282624
1243315966
1243349309
1243382652
1243415994
1243449337
1243482680
1243516023
1243549365
1243582708
1243616051
1243649394
1243682736
1243716079
1243749422
1243782764
1243816107
1243849450
1243882793
1243916135
1243949478
1243982821
1244016164
1244049506
1244082849
1244116192
1244149534
1244182877
1244216220
1244249563
1244282905
1244316248
1244349591
1244382934
1244416276
1244449619
1244482962
1244516304
1244549647
1244582990
1244616333
1244649675
1244683018
1244716361
1244749703
1244783046
1244816389
1244849732
1244883074
1244916417
1244949760
1244983103
1245016445
1245049788
1245083131
1245116473
1245149816
1245183159
1245216502
1245249844
1245283187
1245316530
1245349873
1245383215
1245416558
1245449901
1245483243
1245516586
1245549929
1245583272
1245616614
1245649957
1245683300
1245716643
1245749985
1245783328
1245816671
1245850013
1245883356
1245916699
1245950042
1245983384
1246016727
1246050070
1246083412
1246116755
1246150098
1246183441
1246216783
1246250126
1246283469
1246316812
1246350154
1246383497
1246416840
1246450182
1246483525
1246516868
1246550211
1246583553
1246616896
1246650239
1246683582
1246716924
1246750267
1246783610
1246816952
1246850295
1246883638
1246916981
1246950323
1246983666
1247017009
1247050352
1247083694
1247117037
1247150380
1247183722
1247217065
1247250408
1247283751
1247317093
1247350436
1247383779
1247417121
1247450464
1247483807
1247517150
1247550492
1247583835
1247617178
1247650521
1247683863
1247717206
1247750549
1247783891
1247817234
1247850577
1247883920
1247917262
1247950605
1247983948
1248017291
1248050633
1248083976
1248117319
1248150661
1248184004
1248217347
1248250690
1248284032
1248317375
1248350718
1248384061
1248417403
1248450746
1248484089
1248517431
1248550774
1248584117
1248617460
1248650802
1248684145
1248717488
1248750830
1248784173
1248817516
1248850859
1248884201
1248917544
1248950887
1248984230
1249017572
1249050915
1249084258
1249117600
1249150943
1249184286
1249217629
1249250971
1249284314
1249317657
1249351000
1249384342
1249417685
1249451028
1249484370
1249517713
1249551056
1249584399
1249617741
1249651084
1249684427
1249717770
1249751112
1249784455
1249817798
1249851140
1249884483
1249917826
1249951169
1249984511
1250017854
1250051197
1250084539
1250117882
1250151225
1250184568
1250217910
1250251253
1250284596
1250317939
1250351281
1250384624
1250417967
1250451309
1250484652
1250517995
1250551338
1250584680
1250618023
1250651366
1250684709
1250718051
1250751394
1250784737
1250818079
1250851422
1250884765
1250918108
1250951450
1250984793
1251018136
1251051479
1251084821
1251118164
1251151507
1251184849
1251218192
1251251535
1251284878
1251318220
1251351563
1251384906
1251418248
1251451591
1251484934
1251518277
1251551619
1251584962
1251618305
1251651648
1251684990
1251718333
1251751676
1251785018
1251818361
1251851704
1251885047
1251918389
1251951732
1251985075
1252018418
1252051760
1252085103
1252118446
1252151788
1252185131
1252218474
1252251817
1252285159
1252318502
1252351845
1252385187
1252418530
1252451873
1252485216
1252518558
1252551901
1252585244
1252618587
1252651929
1252685272
1252718615
1252751957
1252785300
1252818643
1252851986
1252885328
1252918671
1252952014
1252985357
1253018699
1253052042
1253085385
1253118727
1253152070
1253185413
1253218756
1253252098
1253285441
1253318784
1253352127
1253385469
1253418812
1253452155
1253485497
1253518840
1253552183
1253585526
1253618868
1253652211
1253685554
1253718897
1253752239
1253785582
1253818925
1253852267
1253885610
1253918953
1253952296
1253985638
1254018981
1254052324
1254085666
1254119009
1254152352
1254185695
1254219037
1254252380
1254285723
1254319066
1254352408
1254385751
1254419094
1254452436
1254485779
1254519122
1254552465
1254585807
1254619150
1254652493
1254685836
1254719178
1254752521
1254785864
1254819206
1254852549
1254885892
1254919235
1254952577
1254985920
1255019263
1255052605
1255085948
1255119291
1255152634
1255185976
1255219319
1255252662
1255286005
1255319347
1255352690
1255386033
1255419375
1255452718
1255486061
1255519404
1255552746
1255586089
1255619432
1255652775
1255686117
1255719460
1255752803
1255786145
1255819488
1255852831
1255886174
1255919516
1255952859
1255986202
1256019545
1256052887
1256086230
1256119573
1256152915
1256186258
1256219601
1256252944
1256286286
1256319629
1256352972
1256386315
1256419657
1256453000
1256486343
1256519685
1256553028
1256586371
1256619714
1256653056
1256686399
1256719742
1256753084
1256786427
1256819770
1256853113
1256886455
1256919798
1256953141
1256986484
1257019826
1257053169
1257086512
1257119854
1257153197
1257186540
1257219883
1257253225
1257286568
1257319911
1257353254
1257386596
1257419939
1257453282
1257486624
1257519967
1257553310
1257586653
1257619995
1257653338
1257686681
1257720024
1257753366
1257786709
1257820052
1257853394
1257886737
1257920080
1257953423
1257986765
1258020108
1258053451
1258086793
1258120136
1258153479
1258186822
1258220164
1258253507
1258286850
1258320193
1258353535
1258386878
1258420221
1258453563
1258486906
1258520249
1258553592
1258586934
1258620277
1258653620
1258686963
1258720305
1258753648
1258786991
1258820333
1258853676
1258887019
1258920362
1258953704
1258987047
1259020390
1259053732
1259087075
1259120418
1259153761
1259187103
1259220446
1259253789
1259287132
1259320474
1259353817
1259387160
1259420502
1259453845
1259487188
1259520531
1259553873
1259587216
1259620559
1259653902
1259687244
1259720587
1259753930
1259787272
1259820615
1259853958
1259887301
1259920643
1259953986
1259987329
1260020672
1260054014
1260087357
1260120700
1260154042
1260187385
1260220728
1260254071
1260287413
1260320756
1260354099
1260387442
1260420784
1260454127
1260487470
1260520812
1260554155
1260587498
1260620841
1260654183
1260687526
1260720869
1260754211
1260787554
1260820897
1260854240
1260887582
1260920925
1260954268
1260987611
1261020953
1261054296
1261087639
1261120981
1261154324
1261187667
1261221010
1261254352
1261287695
1261321038
1261354381
1261387723
1261421066
1261454409
1261487751
1261521094
1261554437
1261587780
1261621122
1261654465
1261687808
1261721151
1261754493
1261787836
1261821179
1261854521
1261887864
1261921207
1261954550
1261987892
1262021235
1262054578
1262087920
1262121263
1262154606
1262187949
1262221291
1262254634
1262287977
1262321320
1262354662
1262388005
1262421348
1262454690
1262488033
1262521376
1262554719
1262588061
1262621404
1262654747
1262688090
1262721432
1262754775
1262788118
1262821460
1262854803
1262888146
1262921489
1262954831
1262988174
1263021517
1263054860
1263088202
1263121545
1263154888
1263188230
1263221573
1263254916
1263288259
1263321601
1263354944
1263388287
1263421629
1263454972
1263488315
1263521658
1263555000
1263588343
1263621686
1263655029
1263688371
1263721714
1263755057
1263788399
1263821742
1263855085
1263888428
1263921770
1263955113
1263988456
1264021799
1264055141
1264088484
1264121827
1264155169
1264188512
1264221855
1264255198
1264288540
1264321883
1264355226
1264388568
1264421911
1264455254
1264488597
1264521939
1264555282
1264588625
1264621968
1264655310
1264688653
1264721996
1264755338
1264788681
1264822024
1264855367
1264888709
1264922052
1264955395
1264988738
1265022080
1265055423
1265088766
1265122108
1265155451
1265188794
1265222137
1265255479
1265288822
1265322165
1265355508
1265388850
1265422193
1265455536
1265488878
1265522221
1265555564
1265588907
1265622249
1265655592
1265688935
1265722277
1265755620
1265788963
1265822306
1265855648
1265888991
1265922334
1265955677
1265989019
1266022362
1266055705
1266089047
1266122390
1266155733
1266189076
1266222418
1266255761
1266289104
1266322447
1266355789
1266389132
1266422475
1266455817
1266489160
1266522503
1266555846
1266589188
1266622531
1266655874
1266689217
1266722559
1266755902
1266789245
1266822587
1266855930
1266889273
1266922616
1266955958
1266989301
1267022644
1267055986
1267089329
1267122672
1267156015
1267189357
1267222700
1267256043
1267289386
1267322728
1267356071
1267389414
1267422756
1267456099
1267489442
1267522785
1267556127
1267589470
1267622813
1267656156
1267689498
1267722841
1267756184
1267789526
1267822869
1267856212
1267889555
1267922897
1267956240
1267989583
1268022926
1268056268
1268089611
1268122954
1268156296
1268189639
1268222982
1268256325
1268289667
1268323010
1268356353
1268389695
1268423038
1268456381
1268489724
1268523066
1268556409
1268589752
1268623095
1268656437
1268689780
1268723123
1268756465
1268789808
1268823151
1268856494
1268889836
1268923179
1268956522
1268989865
1269023207
1269056550
1269089893
1269123235
1269156578
1269189921
1269223264
1269256606
1269289949
1269323292
1269356635
1269389977
1269423320
1269456663
1269490005
1269523348
1269556691
1269590034
1269623376
1269656719
1269690062
1269723404
1269756747
1269790090
1269823433
1269856775
1269890118
1269923461
1269956804
1269990146
1270023489
1270056832
1270090174
1270123517
1270156860
1270190203
1270223545
1270256888
1270290231
1270323574
1270356916
1270390259
1270423602
1270456944
1270490287
1270523630
1270556973
1270590315
1270623658
1270657001
1270690344
1270723686
1270757029
1270790372
1270823714
1270857057
1270890400
1270923743
1270957085
1270990428
1271023771
1271057113
1271090456
1271123799
1271157142
1271190484
1271223827
1271257170
1271290513
1271323855
1271357198
1271390541
1271423883
1271457226
1271490569
1271523912
1271557254
1271590597
1271623940
1271657283
1271690625
1271723968
1271757311
1271790653
1271823996
1271857339
1271890682
1271924024
1271957367
1271990710
1272024053
1272057395
1272090738
1272124081
1272157423
1272190766
1272224109
1272257452
1272290794
1272324137
1272357480
1272390822
1272424165
1272457508
1272490851
1272524193
1272557536
1272590879
1272624222
1272657564
1272690907
1272724250
1272757592
1272790935
1272824278
1272857621
1272890963
1272924306
1272957649
1272990992
1273024334
1273057677
1273091020
1273124362
1273157705
1273191048
1273224391
1273257733
1273291076
1273324419
1273357762
1273391104
1273424447
1273457790
1273491132
1273524475
1273557818
1273591161
1273624503
1273657846
1273691189
1273724531
1273757874
1273791217
1273824560
1273857902
1273891245
1273924588
1273957931
1273991273
1274024616
1274057959
1274091301
1274124644
1274157987
1274191330
1274224672
1274258015
1274291358
1274324701
1274358043
1274391386
1274424729
1274458071
1274491414
1274524757
1274558100
1274591442
1274624785
1274658128
1274691471
1274724813
1274758156
1274791499
1274824841
1274858184
1274891527
1274924870
1274958212
1274991555
1275024898
1275058241
1275091583
1275124926
1275158269
1275191611
1275224954
1275258297
1275291640
1275324982
1275358325
1275391668
1275425010
1275458353
1275491696
1275525039
1275558381
1275591724
1275625067
1275658410
1275691752
1275725095
1275758438
1275791780
1275825123
1275858466
1275891809
1275925151
1275958494
1275991837
1276025180
1276058522
1276091865
1276125208
1276158550
1276191893
1276225236
1276258579
1276291921
1276325264
1276358607
1276391949
1276425292
1276458635
1276491978
1276525320
1276558663
1276592006
1276625349
1276658691
1276692034
1276725377
1276758719
1276792062
1276825405
1276858748
1276892090
1276925433
1276958776
1276992119
1277025461
1277058804
1277092147
1277125489
1277158832
1277192175
1277225518
1277258860
1277292203
1277325546
1277358889
1277392231
1277425574
1277458917
1277492259
1277525602
1277558945
1277592288
1277625630
1277658973
1277692316
1277725659
1277759001
1277792344
1277825687
1277859029
1277892372
1277925715
1277959058
1277992400
1278025743
1278059086
1278092428
1278125771
1278159114
1278192457
1278225799
1278259142
1278292485
1278325828
1278359170
1278392513
1278425856
1278459198
1278492541
1278525884
1278559227
1278592569
1278625912
1278659255
1278692598
1278725940
1278759283
1278792626
1278825968
1278859311
1278892654
1278925997
1278959339
1278992682
1279026025
1279059367
1279092710
1279126053
1279159396
1279192738
1279226081
1279259424
1279292767
1279326109
1279359452
1279392795
1279426137
1279459480
1279492823
1279526166
1279559508
1279592851
1279626194
1279659537
1279692879
1279726222
1279759565
1279792907
1279826250
1279859593
1279892936
1279926278
1279959621
1279992964
1280026307
1280059649
1280092992
1280126335
1280159677
1280193020
1280226363
1280259706
1280293048
1280326391
1280359734
1280393076
1280426419
1280459762
1280493105
1280526447
1280559790
1280593133
1280626476
1280659818
1280693161
1280726504
1280759846
1280793189
1280826532
1280859875
1280893217
1280926560
1280959903
1280993246
1281026588
1281059931
1281093274
1281126616
1281159959
1281193302
1281226645
1281259987
1281293330
1281326673
1281360016
1281393358
1281426701
1281460044
1281493386
1281526729
1281560072
1281593415
1281626757
1281660100
1281693443
1281726786
1281760128
1281793471
1281826814
1281860156
1281893499
1281926842
1281960185
1281993527
1282026870
1282060213
1282093555
1282126898
1282160241
1282193584
1282226926
1282260269
1282293612
1282326955
1282360297
1282393640
1282426983
1282460325
1282493668
1282527011
1282560354
1282593696
1282627039
1282660382
1282693725
1282727067
1282760410
1282793753
1282827095
1282860438
1282893781
1282927124
1282960466
1282993809
1283027152
1283060495
1283093837
1283127180
1283160523
1283193865
1283227208
1283260551
1283293894
1283327236
1283360579
1283393922
1283427264
1283460607
1283493950
1283527293
1283560635
1283593978
1283627321
1283660664
1283694006
1283727349
1283760692
1283794034
1283827377
1283860720
1283894063
1283927405
1283960748
1283994091
1284027434
1284060776
1284094119
1284127462
1284160804
1284194147
1284227490
1284260833
1284294175
1284327518
1284360861
1284394204
1284427546
1284460889
1284494232
1284527574
1284560917
1284594260
1284627603
1284660945
1284694288
1284727631
1284760973
1284794316
1284827659
1284861002
1284894344
1284927687
1284961030
1284994373
1285027715
1285061058
1285094401
1285127743
1285161086
1285194429
1285227772
1285261114
1285294457
1285327800
1285361143
1285394485
1285427828
1285461171
1285494513
1285527856
1285561199
1285594542
1285627884
1285661227
1285694570
1285727912
1285761255
1285794598
1285827941
1285861283
1285894626
1285927969
1285961312
1285994654
1286027997
1286061340
1286094682
1286128025
1286161368
1286194711
1286228053
1286261396
1286294739
1286328082
1286361424
1286394767
1286428110
1286461452
1286494795
1286528138
1286561481
1286594823
1286628166
1286661509
1286694852
1286728194
1286761537
1286794880
1286828222
1286861565
1286894908
1286928251
1286961593
1286994936
1287028279
1287061622
1287094964
1287128307
1287161650
1287194992
1287228335
1287261678
1287295021
1287328363
1287361706
1287395049
1287428391
1287461734
1287495077
1287528420
1287561762
1287595105
1287628448
1287661791
1287695133
1287728476
1287761819
1287795161
1287828504
1287861847
1287895190
1287928532
1287961875
1287995218
1288028561
1288061903
1288095246
1288128589
1288161931
1288195274
1288228617
1288261960
1288295302
1288328645
1288361988
1288395331
1288428673
1288462016
1288495359
1288528701
1288562044
1288595387
1288628730
1288662072
1288695415
1288728758
1288762100
1288795443
1288828786
1288862129
1288895471
1288928814
1288962157
1288995500
1289028842
1289062185
1289095528
1289128870
1289162213
1289195556
1289228899
1289262241
1289295584
1289328927
1289362270
1289395612
1289428955
1289462298
1289495640
1289528983
1289562326
1289595669
1289629011
1289662354
1289695697
1289729040
1289762382
1289795725
1289829068
1289862410
1289895753
1289929096
1289962439
1289995781
1290029124
1290062467
1290095809
1290129152
1290162495
1290195838
1290229180
1290262523
1290295866
1290329209
1290362551
1290395894
1290429237
1290462579
1290495922
1290529265
1290562608
1290595950
1290629293
1290662636
1290695979
1290729321
1290762664
1290796007
1290829349
1290862692
1290896035
1290929378
1290962720
1290996063
1291029406
1291062749
1291096091
1291129434
1291162777
1291196119
1291229462
1291262805
1291296148
1291329490
1291362833
1291396176
1291429518
1291462861
1291496204
1291529547
1291562889
1291596232
1291629575
1291662918
1291696260
1291729603
1291762946
1291796288
1291829631
1291862974
1291896317
1291929659
1291963002
1291996345
1292029688
1292063030
1292096373
1292129716
1292163058
1292196401
1292229744
1292263087
1292296429
1292329772
1292363115
1292396458
1292429800
1292463143
1292496486
1292529828
1292563171
1292596514
1292629857
1292663199
1292696542
1292729885
1292763227
1292796570
1292829913
1292863256
1292896598
1292929941
1292963284
1292996627
1293029969
1293063312
1293096655
1293129997
1293163340
1293196683
1293230026
1293263368
1293296711
1293330054
1293363397
1293396739
1293430082
1293463425
1293496767
1293530110
1293563453
1293596796
1293630138
1293663481
1293696824
1293730167
1293763509
1293796852
1293830195
1293863537
1293896880
1293930223
1293963566
1293996908
1294030251
1294063594
1294096936
1294130279
1294163622
1294196965
1294230307
1294263650
1294296993
1294330336
1294363678
1294397021
1294430364
1294463706
1294497049
1294530392
1294563735
1294597077
1294630420
1294663763
1294697106
1294730448
1294763791
1294797134
1294830476
1294863819
1294897162
1294930505
1294963847
1294997190
1295030533
1295063875
1295097218
1295130561
1295163904
1295197246
1295230589
1295263932
1295297275
1295330617
1295363960
1295397303
1295430645
1295463988
1295497331
1295530674
1295564016
1295597359
1295630702
1295664045
1295697387
1295730730
1295764073
1295797415
1295830758
1295864101
1295897444
1295930786
1295964129
1295997472
1296030815
1296064157
1296097500
1296130843
1296164185
1296197528
1296230871
1296264214
1296297556
1296330899
1296364242
1296397585
1296430927
1296464270
1296497613
1296530955
1296564298
1296597641
1296630984
1296664326
1296697669
1296731012
1296764354
1296797697
1296831040
1296864383
1296897725
1296931068
1296964411
1296997754
1297031096
1297064439
1297097782
1297131124
1297164467
1297197810
1297231153
1297264495
1297297838
1297331181
1297364524
1297397866
1297431209
1297464552
1297497894
1297531237
1297564580
1297597923
1297631265
1297664608
1297697951
1297731293
1297764636
1297797979
1297831322
1297864664
1297898007
1297931350
1297964693
1297998035
1298031378
1298064721
1298098063
1298131406
1298164749
1298198092
1298231434
1298264777
1298298120
1298331463
1298364805
1298398148
1298431491
1298464833
1298498176
1298531519
1298564862
1298598204
1298631547
1298664890
1298698233
1298731575
1298764918
1298798261
1298831603
1298864946
1298898289
1298931632
1298964974
1298998317
1299031660
1299065003
1299098345
1299131688
1299165031
1299198373
1299231716
1299265059
1299298402
1299331744
1299365087
1299398430
1299431772
1299465115
1299498458
1299531801
1299565143
1299598486
1299631829
1299665172
1299698514
1299731857
1299765200
1299798542
1299831885
1299865228
1299898571
1299931913
1299965256
1299998599
1300031942
1300065284
1300098627
1300131970
1300165312
1300198655
1300231998
1300265341
1300298683
1300332026
1300365369
1300398712
1300432054
1300465397
1300498740
1300532082
1300565425
1300598768
1300632111
1300665453
1300698796
1300732139
1300765481
1300798824
1300832167
1300865510
1300898852
1300932195
1300965538
1300998881
1301032223
1301065566
1301098909
1301132251
1301165594
1301198937
1301232280
1301265622
1301298965
1301332308
1301365651
1301398993
1301432336
1301465679
1301499021
1301532364
1301565707
1301599050
1301632392
1301665735
1301699078
1301732420
1301765763
1301799106
1301832449
1301865791
1301899134
1301932477
1301965820
1301999162
1302032505
1302065848
1302099190
1302132533
1302165876
1302199219
1302232561
1302265904
1302299247
1302332590
1302365932
1302399275
1302432618
1302465960
1302499303
1302532646
1302565989
1302599331
1302632674
1302666017
1302699360
1302732702
1302766045
1302799388
1302832730
1302866073
1302899416
1302932759
1302966101
1302999444
1303032787
1303066130
1303099472
1303132815
1303166158
1303199500
1303232843
1303266186
1303299529
1303332871
1303366214
1303399557
1303432899
1303466242
1303499585
1303532928
1303566270
1303599613
1303632956
1303666299
1303699641
1303732984
1303766327
1303799669
1303833012
1303866355
1303899698
1303933040
1303966383
1303999726
1304033069
1304066411
1304099754
1304133097
1304166439
1304199782
1304233125
1304266468
1304299810
1304333153
1304366496
1304399839
1304433181
1304466524
1304499867
1304533209
1304566552
1304599895
1304633238
1304666580
1304699923
1304733266
1304766608
1304799951
1304833294
1304866637
1304899979
1304933322
1304966665
1305000008
1305033350
1305066693
1305100036
1305133378
1305166721
1305200064
1305233407
1305266749
1305300092
1305333435
1305366778
1305400120
1305433463
1305466806
1305500148
1305533491
1305566834
1305600177
1305633519
1305666862
1305700205
1305733547
1305766890
1305800233
1305833576
1305866918
1305900261
1305933604
1305966947
1306000289
1306033632
1306066975
1306100317
1306133660
1306167003
1306200346
1306233688
1306267031
1306300374
1306333717
1306367059
1306400402
1306433745
1306467087
1306500430
1306533773
1306567116
1306600458
1306633801
1306667144
1306700487
1306733829
1306767172
1306800515
1306833857
1306867200
1306900543
1306933886
1306967228
1307000571
1307033914
1307067256
1307100599
1307133942
1307167285
1307200627
1307233970
1307267313
1307300656
1307333998
1307367341
1307400684
1307434026
1307467369
1307500712
1307534055
1307567397
1307600740
1307634083
1307667426
1307700768
1307734111
1307767454
1307800796
1307834139
1307867482
1307900825
1307934167
1307967510
1308000853
1308034196
1308067538
1308100881
1308134224
1308167566
1308200909
1308234252
1308267595
1308300937
1308334280
1308367623
1308400965
1308434308
1308467651
1308500994
1308534336
1308567679
1308601022
1308634365
1308667707
1308701050