0.0
0.033343
0.066685
0.100028
0.133371
0.166714
0.200056
0.233399
0.266742
0.300084
0.333427
0.36677
0.400113
0.433455
0.466798
0.500141
0.533484
0.566826
0.600169
0.633512
0.666854
0.700197
0.73354
0.766883
0.800225
0.833568
0.866911
0.900253
0.933596
0.966939
1.000282
1.033624
1.066967
1.10031
1.133653
1.166995
1.200338
1.233681
1.267023
1.300366
1.333709
1.367052
1.400394
1.433737
1.46708
1.500423
1.533765
1.567108
1.600451
1.633793
1.667136
1.700479
1.733822
1.767164
1.800507
1.83385
1.867193
1.900535
1.933878
1.967221
2.000563
2.033906
2.067249
2.100592
2.133934
2.167277
2.20062
2.233962
2.267305
2.300648
2.333991
2.367333
2.400676
2.434019
2.467362
2.500704
2.534047
2.56739
2.600732
2.634075
2.667418
2.700761
2.734103
2.767446
2.800789
2.834132
2.867474
2.900817
2.93416
2.967502
3.000845
3.034188
3.067531
3.100873
3.134216
3.167559
3.200902
3.234244
3.267587
3.30093
3.334272
3.367615
3.400958
3.434301
3.467643
3.500986
3.534329
3.567671
3.601014
3.634357
3.6677
3.701042
3.734385
3.767728
3.801071
3.834413
3.867756
3.901099
3.934441
3.967784
4.001127
4.03447
4.067812
4.101155
4.134498
4.167841
4.201183
4.234526
4.267869
4.301211
4.334554
4.367897
4.40124
4.434582
4.467925
4.501268
4.534611
4.567953
4.601296
4.634639
4.667981
4.701324
4.734667
4.76801
4.801352
4.834695
4.868038
4.90138
4.934723
4.968066
5.001409
5.034751
5.068094
5.101437
5.13478
5.168122
5.201465
5.234808
5.26815
5.301493
5.334836
5.368179
5.401521
5.434864
5.468207
5.50155
5.534892
5.568235
5.601578
5.63492
5.668263
5.701606
5.734949
5.768291
5.801634
5.834977
5.86832
5.901662
5.935005
5.968348
6.00169
6.035033
6.068376
6.101719
6.135061
6.168404
6.201747
6.235089
6.268432
6.301775
6.335118
6.36846
6.401803
6.435146
6.468489
6.501831
6.535174
6.568517
6.601859
6.635202
6.668545
6.701888
6.73523
6.768573
6.801916
6.835259
6.868601
6.901944
6.935287
6.968629
7.001972
7.035315
7.068658
7.102
7.135343
7.168686
7.202029
7.235371
7.268714
7.302057
7.335399
7.368742
7.402085
7.435428
7.46877
7.502113
7.535456
7.568798
7.602141
7.635484
7.668827
7.702169
7.735512
7.768855
7.802198
7.83554
7.868883
7.902226
7.935568
7.968911
8.002254
8.035597
8.068939
8.102282
8.135625
8.168968
8.20231
8.235653
8.268996
8.302338
8.335681
8.369024
8.402367
8.435709
8.469052
8.502395
8.535738
8.56908
8.602423
8.635766
8.669108
8.702451
8.735794
8.769137
8.802479
8.835822
8.869165
8.902507
8.93585
8.969193
9.002536
9.035878
9.069221
9.102564
9.135907
9.169249
9.202592
9.235935
9.269277
9.30262
9.335963
9.369306
9.402648
9.435991
9.469334
9.502677
9.536019
9.569362
9.602705
9.636047
9.66939
9.702733
9.736076
9.769418
9.802761
9.836104
9.869447
9.902789
9.936132
9.969475
10.002817
10.03616
10.069503
10.102846
10.136188
10.169531
10.202874
10.236216
10.269559
10.302902
10.336245
10.369587
10.40293
10.436273
10.469616
10.502958
10.536301
10.569644
10.602986
10.636329
10.669672
10.703015
10.736357
10.7697
10.803043
10.836386
10.869728
10.903071
10.936414
10.969756
11.003099
11.036442
11.069785
11.103127
11.13647
11.169813
11.203156
11.236498
11.269841
11.303184
11.336526
11.369869
11.403212
11.436555
11.469897
11.50324
11.536583
11.569925
11.603268
11.636611
11.669954
11.703296
11.736639
11.769982
11.803325
11.836667
11.87001
11.903353
11.936695
11.970038
12.003381
12.036724
12.070066
12.103409
12.136752
12.170095
12.203437
12.23678
12.270123
12.303465
12.336808
12.370151
12.403494
12.436836
12.470179
12.503522
12.536865
12.570207
12.60355
12.636893
12.670235
12.703578
12.736921
12.770264
12.803606
12.836949
12.870292
12.903634
12.936977
12.97032
13.003663
13.037005
13.070348
13.103691
13.137034
13.170376
13.203719
13.237062
13.270404
13.303747
13.33709
13.370433
13.403775
13.437118
13.470461
13.503804
13.537146
13.570489
13.603832
13.637174
13.670517
13.70386
13.737203
13.770545
13.803888
13.837231
13.870574
13.903916
13.937259
13.970602
14.003944
14.037287
14.07063
14.103973
14.137315
14.170658
14.204001
14.237343
14.270686
14.304029
14.337372
14.370714
14.404057
14.4374
14.470743
14.504085
14.537428
14.570771
14.604113
14.637456
14.670799
14.704142
14.737484
14.770827
14.80417
14.837513
14.870855
14.904198
14.937541
14.970883
15.004226
15.037569
15.070912
15.104254
15.137597
15.17094
15.204283
15.237625
15.270968
15.304311
15.337653
15.370996
15.404339
15.437682
15.471024
15.504367
15.53771
15.571052
15.604395
15.637738
15.671081
15.704423
15.737766
15.771109
15.804452
15.837794
15.871137
15.90448
15.937822
15.971165
16.004508
16.037851
16.071193
16.104536
16.137879
16.171222
16.204564
16.237907
16.27125
16.304592
16.337935
16.371278
16.404621
16.437963
16.471306
16.504649
16.537992
16.571334
16.604677
16.63802
16.671362
16.704705
16.738048
16.771391
16.804733
16.838076
16.871419
16.904761
16.938104
16.971447
17.00479
17.038132
17.071475
17.104818
17.138161
17.171503
17.204846
17.238189
17.271531
17.304874
17.338217
17.37156
17.404902
17.438245
17.471588
17.504931
17.538273
17.571616
17.604959
17.638301
17.671644
17.704987
17.73833
17.771672
17.805015
17.838358
17.871701
17.905043
17.938386
17.971729
18.005071
18.038414
18.071757
18.1051
18.138442
18.171785
18.205128
18.23847
18.271813
18.305156
18.338499
18.371841
18.405184
18.438527
18.47187
18.505212
18.538555
18.571898
18.60524
18.638583
18.671926
18.705269
18.738611
18.771954
18.805297
18.83864
18.871982
18.905325
18.938668
18.97201
19.005353
19.038696
19.072039
19.105381
19.138724
19.172067
19.20541
19.238752
19.272095
19.305438
19.33878
19.372123
19.405466
19.438809
19.472151
19.505494
19.538837
19.572179
19.605522
19.638865
19.672208
19.70555
19.738893
19.772236
19.805579
19.838921
19.872264
19.905607
19.938949
19.972292
20.005635
20.038978
20.07232
20.105663
20.139006
20.172349
20.205691
20.239034
20.272377
20.305719
20.339062
20.372405
20.405748
20.43909
20.472433
20.505776
20.539119
20.572461
20.605804
20.639147
20.672489
20.705832
20.739175
20.772518
20.80586
20.839203
20.872546
20.905888
20.939231
20.972574
21.005917
21.039259
21.072602
21.105945
21.139288
21.17263
21.205973
21.239316
21.272658
21.306001
21.339344
21.372687
21.406029
21.439372
21.472715
21.506058
21.5394
21.572743
21.606086
21.639428
21.672771
21.706114
21.739457
21.772799
21.806142
21.839485
21.872828
21.90617
21.939513
21.972856
22.006198
22.039541
22.072884
22.106227
22.139569
22.172912
22.206255
22.239597
22.27294
22.306283
22.339626
22.372968
22.406311
22.439654
22.472997
22.506339
22.539682
22.573025
22.606367
22.63971
22.673053
22.706396
22.739738
22.773081
22.806424
22.839767
22.873109
22.906452
22.939795
22.973137
23.00648
23.039823
23.073166
23.106508
23.139851
23.173194
23.206537
23.239879
23.273222
23.306565
23.339907
23.37325
23.406593
23.439936
23.473278
23.506621
23.539964
23.573306
23.606649
23.639992
23.673335
23.706677
23.74002
23.773363
23.806706
23.840048
23.873391
23.906734
23.940076
23.973419
24.006762
24.040105
24.073447
24.10679
24.140133
24.173476
24.206818
24.240161
24.273504
24.306846
24.340189
24.373532
24.406875
24.440217
24.47356
24.506903
24.540246
24.573588
24.606931
24.640274
24.673616
24.706959
24.740302
24.773645
24.806987
24.84033
24.873673
24.907015
24.940358
24.973701
25.007044
25.040386
25.073729
25.107072
25.140415
25.173757
25.2071
25.240443
25.273785
25.307128
25.340471
25.373814
25.407156
25.440499
25.473842
25.507185
25.540527
25.57387
25.607213
25.640555
25.673898
25.707241
25.740584
25.773926
25.807269
25.840612
25.873955
25.907297
25.94064
25.973983
26.007325
26.040668
26.074011
26.107354
26.140696
26.174039
26.207382
26.240724
26.274067
26.30741
26.340753
26.374095
26.407438
26.440781
26.474124
26.507466
26.540809
26.574152
26.607494
26.640837
26.67418
26.707523
26.740865
26.774208
26.807551
26.840894
26.874236
26.907579
26.940922
26.974264
27.007607
27.04095
27.074293
27.107635
27.140978
27.174321
27.207664
27.241006
27.274349
27.307692
27.341034
27.374377
27.40772
27.441063
27.474405
27.507748
27.541091
27.574433
27.607776
27.641119
27.674462
27.707804
27.741147
27.77449
27.807833
27.841175
27.874518
27.907861
27.941203
27.974546
28.007889
28.041232
28.074574
28.107917
28.14126
28.174603
28.207945
28.241288
28.274631
28.307973
28.341316
28.374659
28.408002
28.441344
28.474687
28.50803
28.541373
28.574715
28.608058
28.641401
28.674743
28.708086
28.741429
28.774772
28.808114
28.841457
28.8748
28.908142
28.941485
28.974828
29.008171
29.041513
29.074856
29.108199
29.141542
29.174884
29.208227
29.24157
29.274912
29.308255
29.341598
29.374941
29.408283
29.441626
29.474969
29.508312
29.541654
29.574997
29.60834
29.641682
29.675025
29.708368
29.741711
29.775053
29.808396
29.841739
29.875082
29.908424
29.941767
29.97511
30.008452
30.041795
30.075138
30.108481
30.141823
30.175166
30.208509
30.241851
30.275194
30.308537
30.34188
30.375222
30.408565
30.441908
30.475251
30.508593
30.541936
30.575279
30.608621
30.641964
30.675307
30.70865
30.741992
30.775335
30.808678
30.842021
30.875363
30.908706
30.942049
30.975391
31.008734
31.042077
31.07542
31.108762
31.142105
31.175448
31.208791
31.242133
31.275476
31.308819
31.342161
31.375504
31.408847
31.44219
31.475532
31.508875
31.542218
31.57556
31.608903
31.642246
31.675589
31.708931
31.742274
31.775617
31.80896
31.842302
31.875645
31.908988
31.94233
31.975673
32.009016
32.042359
32.075701
32.109044
32.142387
32.17573
32.209072
32.242415
32.275758
32.3091
32.342443
32.375786
32.409129
32.442471
32.475814
32.509157
32.5425
32.575842
32.609185
32.642528
32.67587
32.709213
32.742556
32.775899
32.809241
32.842584
32.875927
32.909269
32.942612
32.975955
33.009298
33.04264
33.075983
33.109326
33.142669
33.176011
33.209354
33.242697
33.276039
33.309382
33.342725
33.376068
33.40941
33.442753
33.476096
33.509439
33.542781
33.576124
33.609467
33.642809
33.676152
33.709495
33.742838
33.77618
33.809523
33.842866
33.876209
33.909551
33.942894
33.976237
34.009579
34.042922
34.076265
34.109608
34.14295
34.176293
34.209636
34.242978
34.276321
34.309664
34.343007
34.376349
34.409692
34.443035
34.476378
34.50972
34.543063
34.576406
34.609748
34.643091
34.676434
34.709777
34.743119
34.776462
34.809805
34.843148
34.87649
34.909833
34.943176
34.976518
35.009861
35.043204
35.076547
35.109889
35.143232
35.176575
35.209918
35.24326
35.276603
35.309946
35.343288
35.376631
35.409974
35.443317
35.476659
35.510002
35.543345
35.576687
35.61003
35.643373
35.676716
35.710058
35.743401
35.776744
35.810087
35.843429
35.876772
35.910115
35.943457
35.9768
36.010143
36.043486
36.076828
36.110171
36.143514
36.176857
36.210199
36.243542
36.276885
36.310227
36.34357
36.376913
36.410256
36.443598
36.476941
36.510284
36.543627
36.576969
36.610312
36.643655
36.676997
36.71034
36.743683
36.777026
36.810368
36.843711
36.877054
36.910396
36.943739
36.977082
37.010425
37.043767
37.07711
37.110453
37.143796
37.177138
37.210481
37.243824
37.277166
37.310509
37.343852
37.377195
37.410537
37.44388
37.477223
37.510566
37.543908
37.577251
37.610594
37.643936
37.677279
37.710622
37.743965
37.777307
37.81065
37.843993
37.877336
37.910678
37.944021
37.977364
38.010706
38.044049
38.077392
38.110735
38.144077
38.17742
38.210763
38.244105
38.277448
38.310791
38.344134
38.377476
38.410819
38.444162
38.477505
38.510847
38.54419
38.577533
38.610875
38.644218
38.677561
38.710904
38.744246
38.777589
38.810932
38.844275
38.877617
38.91096
38.944303
38.977645
39.010988
39.044331
39.077674
39.111016
39.144359
39.177702
39.211045
39.244387
39.27773
39.311073
39.344415
39.377758
39.411101
39.444444
39.477786
39.511129
39.544472
39.577814
39.611157
39.6445
39.677843
39.711185
39.744528
39.777871
39.811214
39.844556
39.877899
39.911242
39.944584
39.977927
40.01127
40.044613
40.077955
40.111298
40.144641
40.177984
40.211326
40.244669
40.278012
40.311354
40.344697
40.37804
40.411383
40.444725
40.478068
40.511411
40.544754
40.578096
40.611439
40.644782
40.678124
40.711467
40.74481
40.778153
40.811495
40.844838
40.878181
40.911523
40.944866
40.978209
41.011552
41.044894
41.078237
41.11158
41.144923
41.178265
41.211608
41.244951
41.278293
41.311636
41.344979
41.378322
41.411664
41.445007
41.47835
41.511693
41.545035
41.578378
41.611721
41.645063
41.678406
41.711749
41.745092
41.778434
41.811777
41.84512
41.878463
41.911805
41.945148
41.978491
42.011833
42.045176
42.078519
42.111862
42.145204
42.178547
42.21189
42.245232
42.278575
42.311918
42.345261
42.378603
42.411946
42.445289
42.478632
42.511974
42.545317
42.57866
42.612002
42.645345
42.678688
42.712031
42.745373
42.778716
42.812059
42.845402
42.878744
42.912087
42.94543
42.978772
43.012115
43.045458
43.078801
43.112143
43.145486
43.178829
43.212172
43.245514
43.278857
43.3122
43.345542
43.378885
43.412228
43.445571
43.478913
43.512256
43.545599
43.578941
43.612284
43.645627
43.67897
43.712312
43.745655
43.778998
43.812341
43.845683
43.879026
43.912369
43.945711
43.979054
44.012397
44.04574
44.079082
44.112425
44.145768
44.179111
44.212453
44.245796
44.279139
44.312481
44.345824
44.379167
44.41251
44.445852
44.479195
44.512538
44.545881
44.579223
44.612566
44.645909
44.679251
44.712594
44.745937
44.77928
44.812622
44.845965
44.879308
44.91265
44.945993
44.979336
45.012679
45.046021
45.079364
45.112707
45.14605
45.179392
45.212735
45.246078
45.27942
45.312763
45.346106
45.379449
45.412791
45.446134
45.479477
45.51282
45.546162
45.579505
45.612848
45.64619
45.679533
45.712876
45.746219
45.779561
45.812904
45.846247
45.87959
45.912932
45.946275
45.979618
46.01296
46.046303
46.079646
46.112989
46.146331
46.179674
46.213017
46.246359
46.279702
46.313045
46.346388
46.37973
46.413073
46.446416
46.479759
46.513101
46.546444
46.579787
46.613129
46.646472
46.679815
46.713158
46.7465
46.779843
46.813186
46.846529
46.879871
46.913214
46.946557
46.979899
47.013242
47.046585
47.079928
47.11327
47.146613
47.179956
47.213299
47.246641
47.279984
47.313327
47.346669
47.380012
47.413355
47.446698
47.48004
47.513383
47.546726
47.580068
47.613411
47.646754
47.680097
47.713439
47.746782
47.780125
47.813468
47.84681
47.880153
47.913496
47.946838
47.980181
48.013524
48.046867
48.080209
48.113552
48.146895
48.180238
48.21358
48.246923
48.280266
48.313608
48.346951
48.380294
48.413637
48.446979
48.480322
48.513665
48.547008
48.58035
48.613693
48.647036
48.680378
48.713721
48.747064
48.780407
48.813749
48.847092
48.880435
48.913777
48.94712
48.980463
49.013806
49.047148
49.080491
49.113834
49.147177
49.180519
49.213862
49.247205
49.280547
49.31389
49.347233
49.380576
49.413918
49.447261
49.480604
49.513947
49.547289
49.580632
49.613975
49.647317
49.68066
49.714003
49.747346
49.780688
49.814031
49.847374
49.880717
49.914059
49.947402
49.980745
50.014087
50.04743
50.080773
50.114116
50.147458
50.180801
50.214144
50.247486
50.280829
50.314172
50.347515
50.380857
50.4142
50.447543
50.480886
50.514228
50.547571
50.580914
50.614256
50.647599
50.680942
50.714285
50.747627
50.78097
50.814313
50.847656
50.880998
50.914341
50.947684
50.981026
51.014369
51.047712
51.081055
51.114397
51.14774
51.181083
51.214426
51.247768
51.281111
51.314454
51.347796
51.381139
51.414482
51.447825
51.481167
51.51451
51.547853
51.581195
51.614538
51.647881
51.681224
51.714566
51.747909
51.781252
51.814595
51.847937
51.88128
51.914623
51.947965
51.981308
52.014651
52.047994
52.081336
52.114679
52.148022
52.181365
52.214707
52.24805
52.281393
52.314735
52.348078
52.381421
52.414764
52.448106
52.481449
52.514792
52.548135
52.581477
52.61482
52.648163
52.681505
52.714848
52.748191
52.781534
52.814876
52.848219
52.881562
52.914904
52.948247
52.98159
53.014933
53.048275
53.081618
53.114961
53.148304
53.181646
53.214989
53.248332
53.281674
53.315017
53.34836
53.381703
53.415045
53.448388
53.481731
53.515074
53.548416
53.581759
53.615102
53.648444
53.681787
53.71513
53.748473
53.781815
53.815158
53.848501
53.881844
53.915186
53.948529
53.981872
54.015214
54.048557
54.0819
54.115243
54.148585
54.181928
54.215271
54.248613
54.281956
54.315299
54.348642
54.381984
54.415327
54.44867
54.482013
54.515355
54.548698
54.582041
54.615383
54.648726
54.682069
54.715412
54.748754
54.782097
54.81544
54.848783
54.882125
54.915468
54.948811
54.982153
55.015496
55.048839
55.082182
55.115524
55.148867
55.18221
55.215553
55.248895
55.282238
55.315581
55.348923
55.382266
55.415609
55.448952
55.482294
55.515637
55.54898
55.582322
55.615665
55.649008
55.682351
55.715693
55.749036
55.782379
55.815722
55.849064
55.882407
55.91575
55.949092
55.982435
56.015778
56.049121
56.082463
56.115806
56.149149
56.182492
56.215834
56.249177
56.28252
56.315862
56.349205
56.382548
56.415891
56.449233
56.482576
56.515919
56.549262
56.582604
56.615947
56.64929
56.682632
56.715975
56.749318
56.782661
56.816003
56.849346
56.882689
56.916031
56.949374
56.982717
57.01606
57.049402
57.082745
57.116088
57.149431
57.182773
57.216116
57.249459
57.282801
57.316144
57.349487
57.38283
57.416172
57.449515
57.482858
57.516201
57.549543
57.582886
57.616229
57.649571
57.682914
57.716257
57.7496
57.782942
57.816285
57.849628
57.882971
57.916313
57.949656
57.982999
58.016341
58.049684
58.083027
58.11637
58.149712
58.183055
58.216398
58.24974
58.283083
58.316426
58.349769
58.383111
58.416454
58.449797
58.48314
58.516482
58.549825
58.583168
58.61651
58.649853
58.683196
58.716539
58.749881
58.783224
58.816567
58.84991
58.883252
58.916595
58.949938
58.98328
59.016623
59.049966
59.083309
59.116651
59.149994
59.183337
59.21668
59.250022
59.283365
59.316708
59.35005
59.383393
59.416736
59.450079
59.483421
59.516764
59.550107
59.583449
59.616792
59.650135
59.683478
59.71682
59.750163
59.783506
59.816849
59.850191
59.883534
59.916877
59.950219
59.983562
60.016905
60.050248
60.08359
60.116933
60.150276
60.183619
60.216961
60.250304
60.283647
60.316989
60.350332
60.383675
60.417018
60.45036
60.483703
60.517046
60.550389
60.583731
60.617074
60.650417
60.683759
60.717102
60.750445
60.783788
60.81713
60.850473
60.883816
60.917158
60.950501
60.983844
61.017187
61.050529
61.083872
61.117215
61.150558
61.1839
61.217243
61.250586
61.283928
61.317271
61.350614
61.383957
61.417299
61.450642
61.483985
61.517328
61.55067
61.584013
61.617356
61.650698
61.684041
61.717384
61.750727
61.784069
61.817412
61.850755
61.884098
61.91744
61.950783
61.984126
62.017468
62.050811
62.084154
62.117497
62.150839
62.184182
62.217525
62.250867
62.28421
62.317553
62.350896
62.384238
62.417581
62.450924
62.484267
62.517609
62.550952
62.584295
62.617637
62.65098
62.684323
62.717666
62.751008
62.784351
62.817694
62.851037
62.884379
62.917722
62.951065
62.984407
63.01775
63.051093
63.084436
63.117778
63.151121
63.184464
63.217807
63.251149
63.284492
63.317835
63.351177
63.38452
63.417863
63.451206
63.484548
63.517891
63.551234
63.584576
63.617919
63.651262
63.684605
63.717947
63.75129
63.784633
63.817976
63.851318
63.884661
63.918004
63.951346
63.984689
64.018032
64.051375
64.084717
64.11806
64.151403
64.184746
64.218088
64.251431
64.284774
64.318116
64.351459
64.384802
64.418145
64.451487
64.48483
64.518173
64.551516
64.584858
64.618201
64.651544
64.684886
64.718229
64.751572
64.784915
64.818257
64.8516
64.884943
64.918285
64.951628
64.984971
65.018314
65.051656
65.084999
65.118342
65.151685
65.185027
65.21837
65.251713
65.285055
65.318398
65.351741
65.385084
65.418426
65.451769
65.485112
65.518455
65.551797
65.58514
65.618483
65.651825
65.685168
65.718511
65.751854
65.785196
65.818539
65.851882
65.885225
65.918567
65.95191
65.985253
66.018595
66.051938
66.085281
66.118624
66.151966
66.185309
66.218652
66.251994
66.285337
66.31868
66.352023
66.385365
66.418708
66.452051
66.485394
66.518736
66.552079
66.585422
66.618764
66.652107
66.68545
66.718793
66.752135
66.785478
66.818821
66.852164
66.885506
66.918849
66.952192
66.985534
67.018877
67.05222
67.085563
67.118905
67.152248
67.185591
67.218934
67.252276
67.285619
67.318962
67.352304
67.385647
67.41899
67.452333
67.485675
67.519018
67.552361
67.585703
67.619046
67.652389
67.685732
67.719074
67.752417
67.78576
67.819103
67.852445
67.885788
67.919131
67.952473
67.985816
68.019159
68.052502
68.085844
68.119187
68.15253
68.185873
68.219215
68.252558
68.285901
68.319243
68.352586
68.385929
68.419272
68.452614
68.485957
68.5193
68.552643
68.585985
68.619328
68.652671
68.686013
68.719356
68.752699
68.786042
68.819384
68.852727
68.88607
68.919412
68.952755
68.986098
69.019441
69.052783
69.086126
69.119469
69.152812
69.186154
69.219497
69.25284
69.286182
69.319525
69.352868
69.386211
69.419553
69.452896
69.486239
69.519582
69.552924
69.586267
69.61961
69.652952
69.686295
69.719638
69.752981
69.786323
69.819666
69.853009
69.886352
69.919694
69.953037
69.98638
70.019722
70.053065
70.086408
70.119751
70.153093
70.186436
70.219779
70.253121
70.286464
70.319807
70.35315
70.386492
70.419835
70.453178
70.486521
70.519863
70.553206
70.586549
70.619891
70.653234
70.686577
70.71992
70.753262
70.786605
70.819948
70.853291
70.886633
70.919976
70.953319
70.986661
71.020004
71.053347
71.08669
71.120032
71.153375
71.186718
71.220061
71.253403
71.286746
71.320089
71.353431
71.386774
71.420117
71.45346
71.486802
71.520145
71.553488
71.58683
71.620173
71.653516
71.686859
71.720201
71.753544
71.786887
71.82023
71.853572
71.886915
71.920258
71.9536
71.986943
72.020286
72.053629
72.086971
72.120314
72.153657
72.187
72.220342
72.253685
72.287028
72.32037
72.353713
72.387056
72.420399
72.453741
72.487084
72.520427
72.55377
72.587112
72.620455
72.653798
72.68714
72.720483
72.753826
72.787169
72.820511
72.853854
72.887197
72.920539
72.953882
72.987225
73.020568
73.05391
73.087253
73.120596
73.153939
73.187281
73.220624
73.253967
73.287309
73.320652
73.353995
73.387338
73.42068
73.454023
73.487366
73.520709
73.554051
73.587394
73.620737
73.654079
73.687422
73.720765
73.754108
73.78745
73.820793
73.854136
73.887479
73.920821
73.954164
73.987507
74.020849
74.054192
74.087535
74.120878
74.15422
74.187563
74.220906
74.254248
74.287591
74.320934
74.354277
74.387619
74.420962
74.454305
74.487648
74.52099
74.554333
74.587676
74.621018
74.654361
74.687704
74.721047
74.754389
74.787732
74.821075
74.854418
74.88776
74.921103
74.954446
74.987788
75.021131
75.054474
75.087817
75.121159
75.154502
75.187845
75.221188
75.25453
75.287873
75.321216
75.354558
75.387901
75.421244
75.454587
75.487929
75.521272
75.554615
75.587957
75.6213
75.654643
75.687986
75.721328
75.754671
75.788014
75.821357
75.854699
75.888042
75.921385
75.954727
75.98807
76.021413
76.054756
76.088098
76.121441
76.154784
76.188127
76.221469
76.254812
76.288155
76.321497
76.35484
76.388183
76.421526
76.454868
76.488211
76.521554
76.554897
76.588239
76.621582
76.654925
76.688267
76.72161
76.754953
76.788296
76.821638
76.854981
76.888324
76.921666
76.955009
76.988352
77.021695
77.055037
77.08838
77.121723
77.155066
77.188408
77.221751
77.255094
77.288436
77.321779
77.355122
77.388465
77.421807
77.45515
77.488493
77.521836
77.555178
77.588521
77.621864
77.655206
77.688549
77.721892
77.755235
77.788577
77.82192
77.855263
77.888606
77.921948
77.955291
77.988634
78.021976
78.055319
78.088662
78.122005
78.155347
78.18869
78.222033
78.255375
78.288718
78.322061
78.355404
78.388746
78.422089
78.455432
78.488775
78.522117
78.55546
78.588803
78.622145
78.655488
78.688831
78.722174
78.755516
78.788859
78.822202
78.855545
78.888887
78.92223
78.955573
78.988915
79.022258
79.055601
79.088944
79.122286
79.155629
79.188972
79.222315
79.255657
79.289
79.322343
79.355685
79.389028
79.422371
79.455714
79.489056
79.522399
79.555742
79.589084
79.622427
79.65577
79.689113
79.722455
79.755798
79.789141
79.822484
79.855826
79.889169
79.922512
79.955854
79.989197
80.02254
80.055883
80.089225
80.122568
80.155911
80.189254
80.222596
80.255939
80.289282
80.322624
80.355967
80.38931
80.422653
80.455995
80.489338
80.522681
80.556024
80.589366
80.622709
80.656052
80.689394
80.722737
80.75608
80.789423
80.822765
80.856108
80.889451
80.922793
80.956136
80.989479
81.022822
81.056164
81.089507
81.12285
81.156193
81.189535
81.222878
81.256221
81.289563
81.322906
81.356249
81.389592
81.422934
81.456277
81.48962
81.522963
81.556305
81.589648
81.622991
81.656333
81.689676
81.723019
81.756362
81.789704
81.823047
81.85639
81.889733
81.923075
81.956418
81.989761
82.023103
82.056446
82.089789
82.123132
82.156474
82.189817
82.22316
82.256502
82.289845
82.323188
82.356531
82.389873
82.423216
82.456559
82.489902
82.523244
82.556587
82.58993
82.623272
82.656615
82.689958
82.723301
82.756643
82.789986
82.823329
82.856672
82.890014
82.923357
82.9567
82.990042
83.023385
83.056728
83.090071
83.123413
83.156756
83.190099
83.223442
83.256784
83.290127
83.32347
83.356812
83.390155
83.423498
83.456841
83.490183
83.523526
83.556869
83.590211
83.623554
83.656897
83.69024
83.723582
83.756925
83.790268
83.823611
83.856953
83.890296
83.923639
83.956981
83.990324
84.023667
84.05701
84.090352
84.123695
84.157038
84.190381
84.223723
84.257066
84.290409
84.323751
84.357094
84.390437
84.42378
84.457122
84.490465
84.523808
84.557151
84.590493
84.623836
84.657179
84.690521
84.723864
84.757207
84.79055
84.823892
84.857235
84.890578
84.92392
84.957263
84.990606
85.023949
85.057291
85.090634
85.123977
85.15732
85.190662
85.224005
85.257348
85.29069
85.324033
85.357376
85.390719
85.424061
85.457404
85.490747
85.52409
85.557432
85.590775
85.624118
85.65746
